1 0.227214 0.123380 0.135156 0.147685
3 0.310677 0.148380 0.148438 0.150463
3 0.388802 0.149537 0.135937 0.160185
1 0.301823 0.307407 0.209896 0.177778
2 0.360677 0.500000 0.168229 0.373148
1 0.516146 0.712037 0.104688 0.487037
1 0.625260 0.426157 0.088021 0.290278
1 0.535547 0.367361 0.112760 0.215278
3 0.580859 0.209259 0.100781 0.181481
3 0.736849 0.163426 0.121094 0.082407
3 0.943750 0.471759 0.112500 0.281481
1 0.825521 0.359259 0.084375 0.236111
2 0.550651 0.089583 0.119010 0.175463
0 0.849089 0.190741 0.121615 0.185185
4 0.212760 0.891898 0.248438 0.216204
